# URL: https://useragents.io/random?limit=100
user_agents <- c("Dalvik/2.1.0 (Linux; U; Android 6.0; F80 PIABELLA Build/MRA58K)"
  , "Mozilla/5.0 (Windows NT 10.0; ) AppleWebKit/537.36 (KHTML, like Gecko) Chrome/83.0.4103.106 Safari/537.36 Edg/83.0.478.54"
  , "Mozilla/5.0 (Linux; Android 10; Redmi Note 7) AppleWebKit/537.36 (KHTML, like Gecko) Chrome/95.0.4638.50 Mobile Safari/537.36"
  , "Mozilla/5.0 (Linux; Android 10; SAMSUNG SM-G887N) AppleWebKit/537.36 (KHTML, like Gecko) SamsungBrowser/12.0 Chrome/79.0.3945.136 Mobile Safari/537.36"
  , "Mozilla/5.0 (Linux; Android 7.1.1; E6533) AppleWebKit/537.36 (KHTML, like Gecko) Chrome/83.0.4103.101 Mobile Safari/537.36"
  , "Mozilla/5.0 (Linux; U; Android 9; sr-rs; Redmi Note 7 Build/PKQ1.180904.001) AppleWebKit/537.36 (KHTML, like Gecko) Version/4.0 Chrome/71.0.3578.141 Mobile Safari/537.36 XiaoMi/MiuiBrowser/12.4.1-g"
  , "com.google.GoogleMobile/111.0 iPhone/13.5 hw/iPhone11_6"
  , "Mozilla/5.0 (Linux; arm_64; Android 10; POT-LX1) AppleWebKit/537.36 (KHTML, like Gecko) Chrome/81.0.4044.138 YaBrowser/20.4.4.76.00 SA/1 Mobile Safari/537.36"
  , "Dalvik/1.6.0 (Linux; U; Android 4.2.2; LG-D950 Build/JDQ39B)"
  , "Mozilla/5.0 (Linux; Android 10; RMX1931 Build/QKQ1.191021.002; wv) AppleWebKit/537.36 (KHTML, like Gecko) Version/4.0 Chrome/83.0.4103.83 Mobile Safari/537.36 GoogleApp/11.11.9.21.arm64"
  , "Mozilla/5.0 (iPad; CPU OS 12_1 like Mac OS X) AppleWebKit/605.1.15 (KHTML, like Gecko) Version/12.0 YaBrowser/20.4.3.358.11 Mobile/15E148 Safari/604.1"
  , "Dalvik/2.1.0 (Linux; U; Android 8.0.0; AGS2-L09 Build/HUAWEIAGS2-L09)"
  , "Mozilla/5.0 (X11; CrOS aarch64 13421.23.0) AppleWebKit/537.36 (KHTML, like Gecko) Chrome/86.0.4240.27 Safari/537.36"
  , "Mozilla/5.0 (Linux; Android 10; RMX2040 Build/QP1A.190711.020; wv) AppleWebKit/537.36 (KHTML, like Gecko) Version/4.0 Chrome/90.0.4430.66 Mobile Safari/537.36"
  , "Mozilla/5.0 (Linux; Android 8.0.0; AGS2-W09 Build/HUAWEIAGS2-W09; wv) AppleWebKit/537.36 (KHTML, like Gecko) Version/4.0 Chrome/90.0.4430.210 Safari/537.36"
  , "Mozilla/5.0 (Linux; Android 11; SAMSUNG SM-G981U1) AppleWebKit/537.36 (KHTML, like Gecko) SamsungBrowser/13.0 Chrome/83.0.4103.106 Mobile Safari/537.36"
  , "Mozilla/5.0 (Linux; Android 8.0.0; AUM-L29 Build/HONORAUM-L29; wv) AppleWebKit/537.36 (KHTML, like Gecko) Version/4.0 Chrome/92.0.4515.166 Mobile Safari/537.36"
  , "Mozilla/5.0 (Linux; Android 10; SM-N960W) AppleWebKit/537.36 (KHTML, like Gecko) Chrome/85.0.4183.81 Mobile Safari/537.36"
  , "Mozilla/5.0 (Windows NT 6.1; WOW64) AppleWebKit/537.36 (KHTML, like Gecko) coc_coc_browser/95.0.146 Chrome/89.0.4389.146 Safari/537.36"
  , "Mozilla/5.0 (Linux; U; Android 9; zh-cn; Redmi K20 Pro Build/PKQ1.190223.001) AppleWebKit/537.36 (KHTML, like Gecko) Version/4.0 Chrome/71.0.3578.141 Mobile Safari/537.36 XiaoMi/MiuiBrowser/10.8.5"
  , "Mozilla/5.0 (Windows NT 6.2; Win64; x64) AppleWebKit/537.36 (KHTML, like Gecko) Chrome/85.0.4183.83 Safari/537.36"
  , "Mozilla/5.0 (X11; Linux x86_64) AppleWebKit/537.36 (KHTML, like Gecko) Chrome/87.0.4280.66 Safari/537.36"
  , "Mozilla/5.0 (Linux; Android 10; MAR-LX1B) AppleWebKit/537.36 (KHTML, like Gecko) Chrome/88.0.4324.181 Mobile Safari/537.36"
  , "Dalvik/1.6.0 (Linux; U; Android 4.4.2; TIS001 Build/KOT49H)"
  , "Mozilla/5.0 (Linux; Android 10; SM-A715F) AppleWebKit/537.36 (KHTML, like Gecko) Chrome/88.0.4324.96 Mobile Safari/537.36"
  , "Mozilla/5.0 (Linux; Android 9; ZTE Blade V1000) AppleWebKit/537.36 (KHTML, like Gecko) Chrome/84.0.4147.125 Mobile Safari/537.36"
  , "Mozilla/5.0 (X11; CrOS aarch64 13421.99.0) AppleWebKit/537.36 (KHTML, like Gecko) Chrome/86.0.4240.198 Safari/537.36"
  , "Mozilla/5.0 (Linux; Android 8.0.0; ATU-L11 Build/HUAWEIATU-L11; wv) AppleWebKit/537.36 (KHTML, like Gecko) Version/4.0 Chrome/92.0.4515.159 Mobile Safari/537.36"
  , "Mozilla/5.0 (Windows NT 10.0; rv:72.0) Gecko/20100101 Firefox/72.0 anonymized by Abelssoft 184539559"
  , "Mozilla/5.0 (Linux; Android 6.0; HUAWEI VNS-L21) AppleWebKit/537.36 (KHTML, like Gecko) Chrome/81.0.4044.138 Mobile Safari/537.36 OPR/58.2.2878.53403"
  , "Mozilla/5.0 (Windows NT 10.0; WOW64) AppleWebKit/537.36 (KHTML, like Gecko) Chrome/91.0.4472.164 Safari/537.36 OPR/77.0.4054.277 (Edition 360-1)"
  , "Mozilla/5.0 (Windows NT 10.0; Win64; x64) AppleWebKit/537.36 (KHTML, like Gecko) Chrome/85.0.4183.102 YaBrowser/20.9.2.102 Yowser/2.5 Safari/537.36"
  , "Mozilla/5.0 (iPad; CPU OS 12_5 like Mac OS X) AppleWebKit/605.1.15 (KHTML, like Gecko) GSA/84.0.271182770 Mobile/15E148 Safari/605.1"
  , "Mozilla/5.0 (Linux; Android 10; vivo 1804) AppleWebKit/537.36 (KHTML, like Gecko) Chrome/81.0.4044.138 Mobile Safari/537.36"
  , "Dalvik/2.1.0 (Linux; U; Android 11; M2102K1G Build/RKQ1.201112.002)"
  , "Mozilla/5.0 (Linux; Android 9; vivo 1723 Build/PKQ1.190118.001; wv) AppleWebKit/537.36 (KHTML, like Gecko) Chrome/62.0.3202.84 Mobile Safari/537.36 VivoBrowser/6.9.25.2"
  , "Mozilla/5.0 (Linux; Android 6.0.1; MI 4W) AppleWebKit/537.36 (KHTML, like Gecko) Chrome/83.0.4103.106 Mobile Safari/537.36"
  , "Dalvik/2.1.0 (Linux; U; Android 8.0.0; moto e5 supra Build/OCPS27.91-164-20)"
  , "Mozilla/5.0 (Linux; Android 4.3; Lenovo K910L) AppleWebKit/537.36 (KHTML, like Gecko) Chrome/71.0.3578.99 Mobile Safari/537.36"
  , "Mozilla/5.0 (Linux; Android 11; moto g(9) power Build/RZCS31.Q2-57-12-1; wv) AppleWebKit/537.36 (KHTML, like Gecko) Version/4.0 Chrome/93.0.4577.62 Mobile Safari/537.36"
  , "Mozilla/5.0 (Linux; Android 10; CPH1969) AppleWebKit/537.36 (KHTML, like Gecko) Chrome/86.0.4240.198 Mobile Safari/537.36"
  , "Mozilla/5.0 (Linux; Android 8.1.0; W-K130-EEA) AppleWebKit/537.36 (KHTML, like Gecko) Chrome/81.0.4044.138 Mobile Safari/537.36"
  , "Mozilla/5.0 (Linux; Android 9; COR-L29) AppleWebKit/537.36 (KHTML, like Gecko) Chrome/88.0.4324.141 Mobile Safari/537.36"
  , "Mozilla/5.0 (Linux; Android 8.1.0; SM-T580 Build/M1AJQ; wv) AppleWebKit/537.36 (KHTML, like Gecko) Version/4.0 Chrome/92.0.4515.131 Safari/537.36"
  , "Mozilla/5.0 (Windows NT 10.0; WOW64) AppleWebKit/537.36 (KHTML, like Gecko) Chrome/94.0.4606.71 Safari/537.36 Edg/94.0.992.38"
  , "Mozilla/5.0 (Linux; Android 9; SM-A605F Build/PQ2A.190405.003; wv) AppleWebKit/537.36 (KHTML, like Gecko) Version/4.0 Chrome/74.0.3729.157 Mobile Safari/537.36"
  , "Dalvik/2.1.0 (Linux; U; Android 7.1.1; 602ZT Build/NMF26F)"
  , "Mozilla/5.0 (Linux; Android 9; RMX1941 Build/PPR1.180610.011; wv) AppleWebKit/537.36 (KHTML, like Gecko) Version/4.0 Chrome/88.0.4324.181 Mobile Safari/537.36"
  , "Mozilla/5.0 (Linux; Android 11; RMX2193 Build/RP1A.200720.011; wv) AppleWebKit/537.36 (KHTML, like Gecko) Version/4.0 Chrome/93.0.4577.62 Mobile Safari/537.36"
  , "Mozilla/5.0 (Linux; Android 10; RMX1911) AppleWebKit/537.36 (KHTML, like Gecko) Chrome/87.0.4280.66 Mobile Safari/537.36"
  , "Dalvik/2.1.0 (Linux; U; Android 8.0.0; ATU-L22 Build/HUAWEIATU-L22)"
  , "Dalvik/2.1.0 (Linux; U; Android 9; AURA X Build/PPR1.180610.011)"
  , "Mozilla/5.0 (Linux; Android 8.0.0; SM-C7000) AppleWebKit/537.36 (KHTML, like Gecko) Chrome/86.0.4240.75 Mobile Safari/537.36"
  , "Mozilla/5.0 (Linux; Android 9; ASUS_X00TD) AppleWebKit/537.36 (KHTML, like Gecko) Chrome/87.0.4280.101 Mobile Safari/537.36"
  , "Mozilla/5.0 (Linux; Android 8.1.0; DRA-LX3 Build/HUAWEIDRA-LX3; wv) AppleWebKit/537.36 (KHTML, like Gecko) Version/4.0 Chrome/89.0.4389.86 Mobile Safari/537.36"
  , "Mozilla/5.0 (Linux; Android 10; Nokia 5.3) AppleWebKit/537.36 (KHTML, like Gecko) Chrome/88.0.4324.181 Mobile Safari/537.36"
  , "Mozilla/5.0 (Linux; Android 9; SAMSUNG SM-N950U) AppleWebKit/537.36 (KHTML, like Gecko) SamsungBrowser/13.2 Chrome/83.0.4103.106 Mobile Safari/537.36"
  , "Mozilla/5.0 (Linux; Android 10; Surface Duo) AppleWebKit/537.36 (KHTML, like Gecko) Chrome/77.0.3865.116 Mobile Safari/537.36 EdgA/45.09.4.5083"
